****			
FIGNO: MSP158195			
XPROP: T			
XUNIT:  K			
YPROP: C/T			
YUNIT: mJ/mol.K2			
PPROP: Pd-content			
PUNIT: x  in Lu(Pt1-xPdx)2In			
SAMPLE: Lu(Pt1-xPdx)2In			
****			
			
XDATA	YDATA	PDATA	NUMBER
0.353 	5.418 	0.54	1
0.372 	5.591 	0.54	2
0.390 	5.830 	0.54	3
0.409 	5.983 	0.54	4
0.426 	6.143 	0.54	5
0.443 	6.377 	0.54	6
0.462 	6.645 	0.54	7
0.481 	6.792 	0.54	8
0.499 	7.012 	0.54	9
0.515 	7.293 	0.54	10
0.538 	7.566 	0.54	11
0.554 	7.768 	0.54	12
0.570 	8.029 	0.54	13
0.588 	8.255 	0.54	14
0.602 	8.550 	0.54	15
0.623 	8.822 	0.54	16
0.642 	8.918 	0.54	17
0.661 	9.303 	0.54	18
0.677 	9.496 	0.54	19
0.695 	9.731 	0.54	20
0.714 	9.994 	0.54	21
0.732 	10.264 	0.54	22
0.755 	10.462 	0.54	23
0.769 	10.731 	0.54	24
0.789 	10.962 	0.54	25
0.805 	11.152 	0.54	26
0.828 	11.371 	0.54	27
0.843 	11.652 	0.54	28
0.862 	11.867 	0.54	29
0.878 	12.037 	0.54	30
0.893 	12.258 	0.54	31
0.914 	12.484 	0.54	32
0.934 	12.694 	0.54	33
0.952 	12.897 	0.54	34
0.967 	13.101 	0.54	35
0.989 	13.256 	0.54	36
1.004 	13.404 	0.54	37
1.025 	13.404 	0.54	38
1.046 	13.330 	0.54	39
1.060 	13.107 	0.54	40
1.080 	12.543 	0.54	41
1.100 	11.757 	0.54	42
1.118 	10.888 	0.54	43
1.136 	10.060 	0.54	44
1.157 	9.453 	0.54	45
1.173 	9.067 	0.54	46
1.191 	8.799 	0.54	47
1.210 	8.578 	0.54	48
1.228 	8.476 	0.54	49
1.246 	8.462 	0.54	50
1.261 	8.444 	0.54	51
1.274 	8.444 	0.54	52
1.293 	8.509 	0.54	53
1.313 	8.593 	0.54	54
1.326 	8.610 	0.54	55
1.341 	8.680 	0.54	56
0.347 	7.286 	0.52	1
0.375 	8.009 	0.52	2
0.402 	7.936 	0.52	3
0.428 	8.120 	0.52	4
0.452 	7.943 	0.52	5
0.480 	8.420 	0.52	6
0.505 	8.574 	0.52	7
0.529 	8.971 	0.52	8
0.555 	9.035 	0.52	9
0.582 	9.041 	0.52	10
0.610 	9.530 	0.52	11
0.634 	9.951 	0.52	12
0.660 	10.064 	0.52	13
0.689 	10.478 	0.52	14
0.714 	11.146 	0.52	15
0.741 	10.995 	0.52	16
0.767 	11.424 	0.52	17
0.792 	11.622 	0.52	18
0.819 	11.788 	0.52	19
0.844 	11.880 	0.52	20
0.873 	12.028 	0.52	21
0.897 	12.010 	0.52	22
0.924 	11.973 	0.52	23
0.952 	11.615 	0.52	24
0.974 	11.112 	0.52	25
1.001 	10.467 	0.52	26
1.029 	10.024 	0.52	27
1.058 	9.390 	0.52	28
1.085 	8.849 	0.52	29
1.113 	8.759 	0.52	30
1.137 	8.366 	0.52	31
1.167 	8.396 	0.52	32
1.194 	8.291 	0.52	33
1.219 	8.231 	0.52	34
1.242 	8.229 	0.52	35
1.268 	8.300 	0.52	36
1.289 	8.334 	0.52	37
1.320 	8.400 	0.52	38
1.335 	8.466 	0.52	39
0.367 	8.952 	0.4	1
0.407 	9.362 	0.4	2
0.451 	9.821 	0.4	3
0.493 	9.802 	0.4	4
0.483 	10.033 	0.4	5
0.517 	10.153 	0.4	6
0.533 	10.115 	0.4	7
0.551 	9.981 	0.4	8
0.569 	9.824 	0.4	9
0.590 	9.526 	0.4	10
0.606 	9.356 	0.4	11
0.624 	9.251 	0.4	12
0.647 	8.904 	0.4	13
0.662 	8.779 	0.4	14
0.690 	8.218 	0.4	15
0.700 	7.974 	0.4	16
0.733 	7.334 	0.4	17
0.736 	7.264 	0.4	18
0.773 	6.828 	0.4	19
0.809 	6.639 	0.4	20
0.854 	6.579 	0.4	21
0.892 	6.543 	0.4	22
0.933 	6.506 	0.4	23
0.974 	6.536 	0.4	24
1.017 	6.547 	0.4	25
1.058 	6.631 	0.4	26
1.098 	6.674 	0.4	27
1.144 	6.775 	0.4	28
1.185 	6.846 	0.4	29
1.225 	6.876 	0.4	30
1.260 	6.988 	0.4	31
1.298 	7.040 	0.4	32
1.335 	7.167 	0.4	33
0.347 	8.612 	0	1
0.357 	8.641 	0	2
0.357 	8.908 	0	3
0.355 	9.137 	0	4
0.368 	9.108 	0	5
0.378 	9.160 	0	6
0.389 	8.932 	0	7
0.393 	9.409 	0	8
0.384 	9.627 	0	9
0.408 	9.645 	0	10
0.412 	9.469 	0	11
0.421 	9.276 	0	12
0.429 	9.175 	0	13
0.420 	9.066 	0	14
0.431 	8.836 	0	15
0.438 	8.003 	0	16
0.448 	7.141 	0	17
0.442 	6.914 	0	18
0.447 	6.491 	0	19
0.459 	6.070 	0	20
0.463 	5.947 	0	21
0.470 	5.618 	0	22
0.492 	5.400 	0	23
0.495 	5.251 	0	24
0.502 	5.178 	0	25
0.518 	5.140 	0	26
0.531 	5.177 	0	27
0.541 	5.153 	0	28
0.548 	5.070 	0	29
0.569 	5.086 	0	30
0.582 	5.051 	0	31
0.598 	4.978 	0	32
0.608 	5.008 	0	33
0.628 	5.008 	0	34
0.654 	4.954 	0	35
0.667 	4.918 	0	36
0.690 	4.980 	0	37
0.712 	4.980 	0	38
0.743 	4.980 	0	39
0.820 	5.127 	0	40
0.903 	5.217 	0	41
0.986 	5.408 	0	42
1.061 	5.565 	0	43
1.146 	5.776 	0	44
1.224 	5.990 	0	45
1.263 	6.078 	0	46
1.272 	6.096 	0	47
1.288 	6.125 	0	48
1.301 	6.178 	0	49
1.311 	6.178 	0	50
1.326 	6.214 	0	51
1.333 	6.248 	0	52
1.340 	6.348 	0	53
